0.474
0.4648
0.458
0.4548
0.4544
0.4545
0.4538
0.453
0.4541
0.4582
0.4648
0.4715
0.4767
0.4803
0.4842
0.4899
0.4969
0.5035
0.5078
0.5095
0.5095
0.5093
0.5094
0.5096
0.5087
0.5063
0.5025
0.4983
0.4949
0.4932
0.4934
0.4947
0.4961
0.4969
0.4976
0.4989
0.5017
0.5058
0.51
0.5128
0.5133
0.5125
0.5123
0.5139
0.5161
0.5165
0.5137
0.5085
0.5033
0.4992
0.4956
0.4904
0.482
0.4714
0.4613
0.4543
0.4512
0.4509
0.4514
0.4517
0.4524
0.4543
0.4583
0.4642
0.4711
0.4779
0.4839
0.4883
0.4907
0.4915
0.4914
0.4914
0.4917
0.4909
0.4871
0.4796
0.4692
0.4587
0.4507
0.446
0.4427
0.4387
0.4329
0.4271
0.4238
0.4243
0.4278
0.4321
0.4355
0.4381
0.4414
0.4468
0.4544
0.4634
0.472
0.4791
0.4849
0.4898
0.4939
0.4964
0.4966
