0.456
0.4619
0.4666
0.4697
0.472
0.4747
0.478
0.481
0.4822
0.4806
0.477
0.4728
0.4693
0.4669
0.4646
0.4612
0.4562
0.4506
0.4461
0.4438
0.4437
0.4444
0.4447
0.4443
0.4443
0.4456
0.4488
0.453
0.457
0.4597
0.4607
0.4608
0.4613
0.4631
0.4657
0.4678
0.4679
0.4654
0.461
0.4565
0.4531
0.4511
0.4492
0.446
0.4415
0.4372
0.435
0.4356
0.438
0.4401
0.4407
0.4401
0.4397
0.441
0.4439
0.447
0.4491
0.4501
0.4507
0.452
0.4545
0.4576
0.4603
0.4618
0.4623
0.4624
0.463
0.4644
0.4663
0.4677
0.4677
0.4657
0.4622
0.4587
0.4564
0.4557
0.4558
0.4554
0.4535
0.4506
0.448
0.4471
0.4477
0.4487
0.4487
0.4476
0.4467
0.448
0.4517
0.4563
0.4595
0.4604
0.4602
0.4608
0.4636
0.4677
0.4714
0.4733
0.474
0.4749
0.4773
