0.474
0.4644
0.4554
0.4472
0.4402
0.4348
0.4312
0.4296
0.4301
0.4325
0.4367
0.4423
0.4491
0.4568
0.4652
0.4741
0.4829
0.4915
0.4994
0.5063
0.5122
0.5169
0.5203
0.5226
0.5239
0.5243
0.5243
0.5238
0.5231
0.5224
0.5216
0.5207
0.5197
0.5186
0.5171
0.5153
0.5131
0.5104
0.5072
0.5033
0.4988
0.4936
0.4878
0.4813
0.4741
0.4663
0.4581
0.4498
0.4415
0.4336
0.4264
0.4203
0.4157
0.4129
0.4121
0.4135
0.4171
0.423
0.431
0.4409
0.4524
0.4648
0.4778
0.4908
0.5034
0.5149
0.5247
0.5324
0.5377
0.5402
0.5399
0.5369
0.5315
0.5238
0.5142
0.5032
0.4912
0.4788
0.4664
0.4546
0.4438
0.4344
0.4268
0.4213
0.418
0.417
0.4181
0.4211
0.4257
0.4316
0.4383
0.4456
0.453
0.4602
0.4668
0.4727
0.4777
0.4815
0.4842
0.4856
0.4858
