0.456
0.4621
0.4681
0.4736
0.4784
0.4822
0.4849
0.4863
0.4863
0.4851
0.4826
0.4792
0.475
0.4703
0.4655
0.4608
0.4564
0.4527
0.4496
0.4475
0.4463
0.4459
0.4465
0.4477
0.4495
0.4517
0.454
0.4565
0.4587
0.4606
0.4621
0.4629
0.4632
0.4628
0.4618
0.4603
0.4584
0.4561
0.4537
0.4514
0.4493
0.4475
0.4463
0.4456
0.4454
0.4459
0.447
0.4486
0.4506
0.453
0.4557
0.4586
0.4615
0.4643
0.4667
0.4685
0.4697
0.4701
0.4698
0.4688
0.4672
0.465
0.4622
0.4589
0.4553
0.4515
0.4477
0.4441
0.4409
0.4382
0.4363
0.4352
0.435
0.4357
0.4372
0.4396
0.4427
0.4464
0.4507
0.4552
0.4599
0.4645
0.4687
0.4723
0.4753
0.4776
0.4792
0.4801
0.4804
0.4799
0.479
0.4775
0.4757
0.4737
0.4715
0.4693
0.4672
0.4653
0.4637
0.4625
0.4617
